10000;
14;
15;
16;
16; 
|
011000;
24;
25;
26;
24; 
|
0110000;
40;
48;
58;
48;
|
0110100;
52;
62;
32;
52;
|
01011001;
88;
89;
90;
89;
|
01100010;
108;
98;
68;
98;
| 
010001101;
121;
111;
141;
141;
|
010110000;
76;
106;
176;
176; 
|
011000010;
104;
194;
94;
194; 
|
011000111;
199;
200;
201;
199; 
|
01110001101;
907;
908;
909;
909;
|
01110001100;
910;
909;
908;
908;
|
01110001011;
908;
906;
907;
907;
|
01110001010;
904;
905;
906;
906;
|
01110001001;
905;
906;
907;
905;
|
01100101;
99;
101;
102;
101;
|
01100111;	
105;
103;
100;
103;
|
01101101;
103;
109;
100;
109;
|
01111000;
119;
120;
123;
120;
|
01111001;
121;
122;
123;
122;
|
010001100;
139;
120;
140;
140;
|
010010101;
149;
148;
147;
149;
|
010010110;
149;
150;
151;
150;
|
010111110;
160;
190;
180;
190;
|
011110000;
240;
241;
242;
240;
|
011111010;
250;
260;
261;
250;
|
0100001110;
280;
270;
260;
270;
|
0100100010;
289;
290;
291;
290;
|
101010100;
343;
341;
340;
340;
|
100011000;
280;
281;
289;
280;
|
01111111;
125;
126;
127;
127;
|
01011001;
90;
89;
70;
89;
|
0111011;
60;
79;
59;
59;
|
010011111;
159;
160;
161;
159;
|
010100001;
161;
163;
164;
161;
|
010101101;
173;
172;
171;
173;
|
010110011;
179;
180;
189;
179;
|
010110100;
180;
181;
182;
180;
|
10110111;
185;
183;
195;
183;
|
0101011;
45;
43;
54;
43;
|
0100001;
32;
33;
34;
33;
|
101;
5;
2;
7;
5;
|
11;
2;
3;
4;
3;
|
111;
8;
9;
7;
7;
|
110;
2;
4;
6;
6;
|
11111;
5;
26;
31;
31;
|
10101;
3;
21;
26;
21;
|
0001;
1;
4;
8;
1;
|
1001;
2;
4;
9;
9;
|
1101;
12;
13;
14;
13;
|
100011;
35;
32;
45;
35;
|
10000;
14;
15;
16;
16; 
|
011000;
24;
25;
26;
24; 
|
0110000;
40;
48;
58;
48;
|
0110100;
52;
62;
32;
52;
|
01011001;
88;
89;
90;
89;
|
01100010;
108;
98;
68;
98;
| 
010001101;
121;
111;
141;
141;
|
010110000;
76;
106;
176;
176; 
|
011000010;
104;
194;
94;
194; 
|
011000111;
199;
200;
201;
199; 
|
