101;
5;
2;
7;
5;
|
11;
2;
3;
4;
3;
|
111;
8;
9;
7;
7;
|
110;
2;
4;
6;
6;
|
11111;
5;
26;
31;
31;
|
10101;
3;
21;
26;
21;
|
0001;
1;
4;
8;
1;
|
1001;
2;
4;
9;
9;
|
1101;
12;
13;
14;
13;
|
100011;
35;
32;
45;
35;
|
10000;
14;
15;
16;
16; 
|
011000;
24;
25;
26;
24; 
|
0110000;
40;
48;
58;
48;
|
0110100;
52;
62;
32;
52;
|
01011001;
88;
89;
90;
89;
|
01100010;
108;
98;
68;
98;
| 
010001101;
121;
111;
141;
141;
|
010110000;
76;
106;
176;
176; 
|
011000010;
104;
194;
94;
194; 
|
011000111;
199;
200;
201;
199; 
|
