10000;
14;
15;
16;
16; 
|
011000;
24;
25;
26;
24; 
|
0110000;
40;
48;
58;
48;
|
0110100;
52;
62;
32;
52;
|
01011001;
88;
89;
90;
89;
|
01100010;
108;
98;
68;
98;
| 
010001101;
121;
111;
141;
141;
|
010110000;
76;
106;
176;
176; 
|
011000010;
104;
194;
94;
194; 
|
011000111;
199;
200;
201;
199; 
|
10000;
14;
15;
16;
16; 
|
011000;
24;
25;
26;
24; 
|
0110000;
40;
48;
58;
48;
|
0110100;
52;
62;
32;
52;
|
01011001;
88;
89;
90;
89;
|
01100010;
108;
98;
68;
98;
| 
010001101;
121;
111;
141;
141;
|
010110000;
76;
106;
176;
176; 
|
011000010;
104;
194;
94;
194; 
|
011000111;
199;
200;
201;
199; 
|
